X [*] :=
  1  0.0891939     33  3.72884       65  2.91399       97  0
  2  0             34  4.26494       66  0.950377      98  0
  3  0             35  4.10244       67  0.44174       99  9.53877
  4  1.76213       36  0.301686      68  0            100  0
  5  2.44512       37  4.54196       69  0.189603     101  0
  6  0             38  0             70  0            102  0
  7  0.276177      39  0             71  0            103  0
  8  0             40  7.72091       72  0            104  0
  9  1.78215       41  0.938617      73  0.481806     105  0.540932
 10  2.55375       42  0.944361      74  0            106  0
 11  9.36044       43  0.0560736     75  1.10392      107  0
 12  0.0492544     44  0.522259      76  2.42247      108  0
 13  0             45  0             77  1.2482       109  0
 14  0.261973      46  3.02144       78  0            110  0
 15  0             47  0             79  0            111  0.414517
 16  0             48  0.904859      80  0            112  0
 17  0             49  3.75839       81  0            113  0
 18  0             50  0             82  0            114  0.780543
 19  0             51  1.71135       83  0.42525      115  1.79898
 20  0.00569022    52  0.110406      84  0            116 10.0206
 21  2.38877       53  0             85  0            117  0
 22  0.912906      54  1.1808        86  0.80575      118  0.494541
 23  0.776679      55  0             87  0.198468     119  0
 24  0             56  0             88  0.840554     120  0.819836
 25  1.90985       57  9.54137       89 12.462        121  0
 26  0             58  0.702611      90  0.493463     122  0
 27  1.70408       59  1.80369       91  0            123  0
 28  4.29332       60  0             92  9.81871      124  0
 29  6.69366       61  0             93  0            125  0
 30  0.605871      62  0             94  0            126 10.8202
 31  0.252357      63  9.46469       95  0
 32  0             64  0             96  0
;

