X [*] :=
  1  0            33  1.53603      65  0            97  0
  2  0            34  3.64092      66  9.638        98  0
  3  8.52391      35 10.6734       67  0            99  8.36276
  4  0            36  0            68  0           100  0.692188
  5 13.6624       37  3.25815      69  0           101  0
  6  0            38  1.01255      70  0.914176    102  0
  7  0            39  0            71  1.39427     103  0
  8  0            40  4.964        72  0           104  1.32783
  9  3.54854      41  0            73  0           105  1.30205
 10  0            42  0.189764     74  0           106  0.220265
 11 11.3355       43  1.86497      75  0           107  0
 12  0.927681     44  0.273943     76  1.54222     108  0
 13  0            45  0            77  7.47124     109  0
 14  0            46  8.71849      78  0           110  0
 15  3.86215      47  0            79  0           111  1.0789
 16  8.96295      48  0            80  0           112  0
 17 12.7278       49  1.47104      81  0           113  0
 18  0.12496      50  0.143343     82  0.131895    114  0
 19  0            51  0            83  6.55932     115  9.10078
 20  0.241211     52  2.22895      84  0           116  0
 21  5.60079      53  0            85  0           117  0
 22  1.3304       54  0.704917     86  0           118  1.4777
 23  9.5954       55  0            87  5.20581     119  0
 24  0            56  0            88  1.70738     120  0
 25  1.66267      57  0            89  0           121  0.134461
 26  0            58  1.6552       90  0           122  0
 27  1.17696      59  0            91  0           123  0
 28  7.18393      60 10.1107       92  2.54028     124  8.62969
 29  7.86767      61  0            93  0           125  0
 30  0            62  0            94  0           126  0
 31  7.05721      63  0            95  0
 32  0            64  0.0605835    96  0
;

